 173 201 204 202 200 193 190 185 183 185 186 188 185 185 189 183
 180 197 180 161 140 115 106 108 103 110 112 124 158 166 190 189
 185 183 110 113 107 120 105 108 109 113 110 109 109 110 172 188
 189 192 108 109 133 143 153 143 147 126 158 117 107 106 167 182
 171 182 106 107 129 124 188 199 196 197 167 127 106 105 169 188
 176 184 102 110 187 192 191 146 165 199 159 133 104 104 173 188
 175 178 104 155 189 182 181 168 182 181 184 129 104 102 177 187
 172 184 102 187 188 163 183 178 198 165 186 128 104 104 186 190
 171 188 112 184 169 146 164 159 187 175 146 136 100 116 194 190
 179 191 167 192 136 103 108 133 192 169 179 140 103 138 196 193
 184 193 193 193 117 102 101 101 142 175 138 105 114 187 196 196
 170 194 194 194 127 102 100 100 103 110 103 110 180 194 195 196
 174 193 195 195 184 113 100 101 109 141 113 171 195 194 194 196
 187 192 195 195 194 186 132 102 135 174 181 193 193 194 192 193
 180 191 191 191 191 190 187 163 160 185 188 189 190 190 190 189
 170 188 188 188 189 188 188 182 181 175 184 186 183 181 185 184
 177 210 212 213 212 212 210 208 209 204 204 212 207 206 211 207
 186 206 179 156 129  95  71  71  73  72  73  91 134 170 209 209
 181 190  72  55  54  83  61  56  57  56  55  56  56  63 165 207
 184 199  63  54  88 139 143 109 125  97 132  75  57  57 149 202
 182 191  60  54  94 117 193 205 205 203 165 100  56  57 151 208
 185 196  58  66 181 198 199 137 155 200 156 105  55  58 156 207
 178 191  59 125 194 182 182 167 179 175 182 102  54  57 161 204
 173 190  63 168 190 135 154 167 194 158 184 108  53  60 176 201
 172 194  85 172 157 105 123 119 176 174 125 120  52  70 198 200
 173 196 161 192 110  52  57  85 179 167 173 116  52 106 202 202
 169 196 195 195  90  50  49  50 104 166 117  53  69 180 199 202
 173 195 195 195 105  50  50  49  51  59  50  62 165 197 197 201
 177 195 196 195 180  82  49  49  59 102  62 151 197 196 197 200
 190 195 195 195 194 187 109  51  94 167 178 195 195 196 197 198
 185 193 194 194 194 194 192 151 154 190 194 194 194 195 196 196
 177 192 193 192 192 192 195 190 191 184 192 194 191 187 192 189
 176 207 209 205 202 197 194 194 199 196 199 207 202 199 204 199
 184 201 172 146 114  73  49  51  56  56  58  77 123 160 203 206
 179 182  58  40  38  65  44  41  42  41  40  41  41  47 156 205
 183 192  45  39  72 135 134  94 113  88 123  60  41  41 138 200
 178 184  42  39  82 112 184 200 199 200 160  87  40  41 140 205
 182 190  41  51 171 191 191 127 147 193 148  91  40  42 144 204
 176 186  45 115 185 169 173 158 169 164 176  85  40  40 147 201
 172 186  53 158 179 100 119 151 186 141 175  94  39  43 163 199
 172 192  76 160 136  70  83  80 163 167 107 102  38  53 191 195
 173 195 158 185  85  36  39  61 167 161 159 105  39  94 197 197
 172 195 195 192  77  37  36  37  94 161 107  43  59 177 198 199
 172 194 195 195  95  37  37  36  39  50  41  53 160 196 197 199
 176 195 195 195 177  70  38  36  43  79  49 142 196 196 197 200
 188 195 195 195 194 184 101  39  68 151 175 194 195 196 196 198
 183 194 194 194 194 193 190 143 141 186 194 194 194 195 196 196
 180 194 195 193 192 192 194 189 190 184 192 194 190 188 193 192

 183 189 188 182 188 188 187 190 190 193 196 196 196 193 189 184
 189 190 172 167 169 173 177 186 194 196 196 195 194 192 190 185
 185 166 110 106 105 104 102 104 116 138 187 194 194 194 190 181
 185 158 109 107 106 104 104 104 100 103 114 180 195 193 190 183
 188 124 109 117 127 133 129 128 136 140 105 110 171 193 189 186
 186 112 110 158 167 159 184 186 146 179 138 103 113 181 188 184
 185 110 113 126 197 199 181 165 175 169 175 110 141 174 185 175
 183 103 109 147 196 165 182 198 187 192 142 103 109 135 160 181
 185 108 108 143 199 146 168 178 159 133 101 100 101 102 163 182
 190 106 105 153 188 191 181 183 164 108 101 100 100 132 187 188
 193 115 120 143 124 192 182 163 146 103 102 102 113 186 190 188
 200 140 107 133 129 187 189 188 169 136 117 127 184 194 191 189
 202 161 113 109 107 110 155 187 184 192 193 194 195 195 191 188
 204 180 110 108 106 102 104 102 112 167 193 194 195 195 191 188
 201 197 183 192 182 184 178 184 188 191 193 194 193 192 191 188
 173 180 185 189 171 176 175 172 171 179 184 170 174 187 180 170
 207 209 207 202 208 207 204 201 200 202 202 201 200 198 196 189
 211 209 165 149 151 156 161 176 198 202 199 197 197 197 196 192
 206 170  63  57  57  58  57  60  70 106 180 197 196 196 195 187
 207 134  56  57  56  55  54  53  52  52  69 165 197 195 194 191
 212  91  56  75 100 105 102 108 120 116  53  62 151 195 194 194
 204  73  55 132 165 156 182 184 125 173 117  50  62 178 194 192
 204  72  56  97 203 200 175 158 174 167 166  59 102 167 190 184
 209  73  57 125 205 155 179 194 176 179 104  51  59  94 154 191
 208  71  56 109 205 137 167 167 119  85  50  49  49  51 151 190
 210  71  61 143 193 199 182 154 123  57  49  50  49 109 192 195
 212  95  83 139 117 198 182 135 105  52  50  50  82 187 194 192
 212 129  54  88  94 181 194 190 157 110  90 105 180 194 194 192
 213 156  55  54  54  66 125 168 172 192 195 195 195 195 194 192
 212 179  72  63  60  58  59  63  85 161 195 195 196 195 194 193
 210 206 190 199 191 196 191 190 194 196 196 195 195 195 193 192
 177 186 181 184 182 185 178 173 172 173 169 173 177 190 185 177
 199 206 205 200 205 204 201 199 195 197 199 199 200 198 196 192
 204 203 156 138 140 144 147 163 191 197 198 197 197 196 196 193
 199 160  47  41  41  42  40  43  53  94 177 196 196 196 195 188
 202 123  41  41  40  40  40  39  38  39  59 160 196 195 194 190
 207  77  41  60  87  91  85  94 102 105  43  53 142 194 194 194
 199  58  40 123 160 148 176 175 107 159 107  41  49 175 194 192
 196  56  41  88 200 193 164 141 167 161 161  50  79 151 186 184
 199  56  42 113 199 147 169 186 163 167  94  39  43  68 141 190
 194  51  41  94 200 127 158 151  80  61  37  36  36  39 143 189
 194  49  44 134 184 191 173 119  83  39  36  37  38 101 190 194
 197  73  65 135 112 191 169 100  70  36  37  37  70 184 193 192
 202 114  38  72  82 171 185 179 136  85  77  95 177 194 194 192
 205 146  40  39  39  51 115 158 160 185 192 195 195 195 194 193
 209 172  58  45  42  41  45  53  76 158 195 195 195 195 194 195
 207 201 182 192 184 190 186 186 192 195 195 194 195 195 194 194
 176 184 179 183 178 182 176 172 172 173 172 172 176 188 183 180

 184 185 181 183 186 184 175 181 182 188 188 189 188 188 188 170
 189 190 190 190 189 188 185 160 163 187 190 191 191 191 191 180
 193 192 194 193 193 181 174 135 102 132 186 194 195 195 192 187
 196 194 194 195 171 113 141 109 101 100 113 184 195 195 193 174
 196 195 194 180 110 103 110 103 100 100 102 127 194 194 194 170
 196 196 187 114 105 138 175 142 101 101 102 117 193 193 193 184
 193 196 138 103 140 179 169 192 133 108 103 136 192 167 191 179
 190 194 116 100 136 146 175 187 159 164 146 169 184 112 188 171
 190 186 104 104 128 186 165 198 178 183 163 188 187 102 184 172
 187 177 102 104 129 184 181 182 168 181 182 189 155 104 178 175
 188 173 104 104 133 159 199 165 146 191 192 187 110 102 184 176
 188 169 105 106 127 167 197 196 199 188 124 129 107 106 182 171
 182 167 106 107 117 158 126 147 143 153 143 133 109 108 192 189
 188 172 110 109 109 110 113 109 108 105 120 107 113 110 183 185
 189 190 166 158 124 112 110 103 108 106 115 140 161 180 197 180
 183 189 185 185 188 186 185 183 185 190 193 200 202 204 201 173
 189 192 187 191 194 192 184 191 190 195 192 192 192 193 192 177
 196 196 195 194 194 194 190 154 151 192 194 194 194 194 193 185
 198 197 196 195 195 178 167  94  51 109 187 194 195 195 195 190
 200 197 196 197 151  62 102  59  49  49  82 180 195 196 195 177
 201 197 197 165  62  50  59  51  49  50  50 105 195 195 195 173
 202 199 180  69  53 117 166 104  50  49  50  90 195 195 196 169
 202 202 106  52 116 173 167 179  85  57  52 110 192 161 196 173
 200 198  70  52 120 125 174 176 119 123 105 157 172  85 194 172
 201 176  60  53 108 184 158 194 167 154 135 190 168  63 190 173
 204 161  57  54 102 182 175 179 167 182 182 194 125  59 191 178
 207 156  58  55 105 156 200 155 137 199 198 181  66  58 196 185
 208 151  57  56 100 165 203 205 205 193 117  94  54  60 191 182
 202 149  57  57  75 132  97 125 109 143 139  88  54  63 199 184
 207 165  63  56  56  55  56  57  56  61  83  54  55  72 190 181
 209 209 170 134  91  73  72  73  71  71  95 129 156 179 206 186
 207 211 206 207 212 204 204 209 208 210 212 212 213 212 210 177
 192 193 188 190 194 192 184 190 189 194 192 192 193 195 194 180
 196 196 195 194 194 194 186 141 143 190 193 194 194 194 194 183
 198 196 196 195 194 175 151  68  39 101 184 194 195 195 195 188
 200 197 196 196 142  49  79  43  36  38  70 177 195 195 195 176
 199 197 196 160  53  41  50  39  36  37  37  95 195 195 194 172
 199 198 177  59  43 107 161  94  37  36  37  77 192 195 195 172
 197 197  94  39 105 159 161 167  61  39  36  85 185 158 195 173
 195 191  53  38 102 107 167 163  80  83  70 136 160  76 192 172
 199 163  43  39  94 175 141 186 151 119 100 179 158  53 186 172
 201 147  40  40  85 176 164 169 158 173 169 185 115  45 186 176
 204 144  42  40  91 148 193 147 127 191 191 171  51  41 190 182
 205 140  41  40  87 160 200 199 200 184 112  82  39  42 184 178
 200 138  41  41  60 123  88 113  94 134 135  72  39  45 192 183
 205 156  47  41  41  40  41  42  41  44  65  38  40  58 182 179
 206 203 160 123  77  58  56  56  51  49  73 114 146 172 201 184
 199 204 199 202 207 199 196 199 194 194 197 202 205 209 207 176

 170 180 187 174 170 184 179 171 172 175 176 171 189 185 180 173
 188 191 192 193 194 193 191 188 184 178 184 182 192 183 197 201
 188 191 195 195 194 193 167 112 102 104 102 106 108 110 180 204
 188 191 195 195 194 193 192 184 187 155 110 107 109 113 161 202
 189 191 194 184 127 117 136 169 188 189 187 129 133 107 140 200
 188 190 186 113 102 102 103 146 163 182 192 124 143 120 115 193
 188 187 132 100 100 101 108 164 183 181 191 188 153 105 106 190
 182 163 102 101 100 101 133 159 178 168 146 199 143 108 108 185
 181 160 135 109 103 142 192 187 198 182 165 196 147 109 103 183
 175 185 174 141 110 175 169 175 165 181 199 197 126 113 110 185
 184 188 181 113 103 138 179 146 186 184 159 167 158 110 112 186
 186 189 193 171 110 105 140 136 128 129 133 127 117 109 124 188
 183 190 193 195 180 114 103 100 104 104 104 106 107 109 158 185
 181 190 194 194 194 187 138 116 104 102 104 105 106 110 166 185
 185 190 192 194 195 196 196 194 186 177 173 169 167 172 190 189
 184 189 193 196 196 196 193 190 190 187 188 188 182 188 189 183
 177 185 190 177 173 169 173 172 173 178 185 182 184 181 186 177
 192 193 195 195 195 196 196 194 190 191 196 191 199 190 206 210
 193 194 195 196 195 195 161  85  63  59  58  60  63  72 179 212
 192 194 195 195 195 195 192 172 168 125  66  54  54  55 156 213
 192 194 194 180 105  90 110 157 190 194 181  94  88  54 129 212
 192 194 187  82  50  50  52 105 135 182 198 117 139  83  95 212
 195 192 109  49  50  49  57 123 154 182 199 193 143  61  71 210
 190 151  51  49  49  50  85 119 167 167 137 205 109  56  71 208
 191 154  94  59  51 104 179 176 194 179 155 205 125  57  73 209
 184 190 167 102  59 166 167 174 158 175 200 203  97  56  72 204
 192 194 178  62  50 117 173 125 184 182 156 165 132  55  73 204
 194 194 195 151  62  53 116 120 108 102 105 100  75  56  91 212
 191 194 195 197 165  69  52  52  53  54  55  56  57  56 134 207
 187 195 196 196 197 180 106  70  60  57  58  57  57  63 170 206
 192 196 197 197 197 199 202 198 176 161 156 151 149 165 209 211
 189 196 198 200 201 202 202 200 201 204 207 208 202 207 209 207
 180 183 188 176 172 172 173 172 172 176 182 178 183 179 184 176
 194 194 195 195 194 195 195 192 186 186 190 184 192 182 201 207
 195 194 195 195 195 195 158  76  53  45  41  42  45  58 172 209
 193 194 195 195 195 192 185 160 158 115  51  39  39  40 146 205
 192 194 194 177  95  77  85 136 179 185 171  82  72  38 114 202
 192 193 184  70  37  37  36  70 100 169 191 112 135  65  73 197
 194 190 101  38  37  36  39  83 119 173 191 184 134  44  49 194
 189 143  39  36  36  37  61  80 151 158 127 200  94  41  51 194
 190 141  68  43  39  94 167 163 186 169 147 199 113  42  56 199
 184 186 151  79  50 161 161 167 141 164 193 200  88  41  56 196
 192 194 175  49  41 107 159 107 175 176 148 160 123  40  58 199
 194 194 194 142  53  43 105 102  94  85  91  87  60  41  77 207
 190 194 195 196 160  59  39  38  39  40  40  40  41  41 123 202
 188 195 196 196 196 177  94  53  43  40  42  41  41  47 160 199
 193 196 196 197 197 198 197 191 163 147 144 140 138 156 203 204
 192 196 198 200 199 199 197 195 199 201 204 205 200 205 206 199

